0, 0, 0, 0, 0, 0, 0, 0, 0, 0, 0, 1.785263, 1.793943, -0.638146, 0, 0, 0, -0, 0, 0, 0, 11196284.736, 0, 0, 53854352.112
1, 0.00091298698689807, 0.0010795545492487, -1.0145606798888e-06, 4054.1974248927, 0.0010870209360836, 0.00070569762347681, -0.00056512002363872, 0.00091298698689807, 0.0010795545492487, -1.0145606798888e-06, 1.7865336863531, 1.7946416386178, -0.6382169943872, 0.00070600473514233, -0.0010868214772053, 0.00056512002363872, 5.288203955636, 0.0012960029518735, 0.00070569762347681, -0.0010870209360836, 11196290.507, 1, 5.7709999997169, 53854357.881
2, -0.00021061215364476, -0.00076847048380153, 0.00044358056253763, 3997.1427853193, -0.00075343271515879, -0.00046433050251188, -0.0002200100165078, 0.0007021357003666, 0.00031128647692244, 0.00044280300843229, 1.7862673260681, 1.7936937682421, -0.63843300202622, 0.00024116567808164, -0.00033370241629699, 0.00078513004014651, 2.1231052906689, 0.00088502184822437, 0.00024136712096493, -0.00033358822092478, 11196297.421, 2, 6.9140000008047, 53854364.796
3, 0.00033188516635828, 0.0008615922545029, -0.00018999911514916, 3890.3893091276, 0.00085695878602154, 0.00038984573148484, -4.7229070804632e-05, 0.0010342411588419, 0.0011727385102492, 0.00025255306005829, 1.786871469109, 1.7944472226083, -0.63816585411757, 0.0006317043427338, -0.0011903456364031, 0.00083235911095115, 5.1393249462108, 0.00094146590766552, 0.00063121285244977, -0.0011905470069463, 11196304.395, 3, 6.9739999994636, 53854371.769
4, 0.0024459951643847, -0.00017879065132189, -0.0013722565323882, 3851.1961748634, -0.00020717453018868, 0.0027399823874089, -0.00058950967982376, 0.0034810177756234, 0.00099292879387446, -0.0011181768228694, 1.7872841096251, 1.7956607770988, -0.64130698196361, 0.0033714514432794, -0.00098008296894441, 0.0014218687907749, 0.075468027160085, 0.0027478036264023, 0.0033711952398586, -0.00098337247675763, 11196311.304, 4, 6.9089999999851, 53854378.678
5, -0.00013441235314257, -0.00019140686707743, -9.0552751683569e-05, 3747.4282128514, -0.00019583447852762, -4.4641950944523e-05, 0.00015019661618981, 0.0033467573793293, 0.00080128935711145, -0.0012084629899103, 1.7870052881611, 1.7956269096601, -0.64135787071122, 0.0033265457888446, -0.0007843087906343, 0.0012716721745851, 1.7949240331469, 0.00020085827531949, 0.0033265532889141, -0.00078753799823001, 11196318.344, 5, 7.0400000009686, 53854385.719
6, -0.00032491431959434, -0.00059959138962371, 0.00042878098181926, 3659.1101609658, -0.0005862602040477, -0.00053749500585076, -0.00012779034311588, 0.0030220332167984, 0.00020221974320419, -0.00077880911444278, 1.7867584290294, 1.7948065368178, -0.64133185519352, 0.0027882682729607, -0.00019876697039309, 0.001399462517701, 2.3128268402198, 0.00079536275256298, 0.0027890582830634, -0.00020127779418231, 11196325.344, 6, 7, 53854392.719
7, 0.00026057237126084, 0.00083534761071366, 0.00026187704402518, 3541.7460957179, 0.00084678509950467, 3.775895295331e-05, -0.00034031225999899, 0.0032822536048721, 0.0010380638927629, -0.00051816813986945, 1.7876556751481, 1.7950929858814, -0.64083519299394, 0.0028273563083608, -0.0010454917558218, 0.0017397747777, 4.7569504124977, 0.0008476265352567, 0.0028268172360167, -0.001048062893687, 11196332.216, 7, 6.8719999995083, 53854399.591
8, -0.00016123413597214, -0.0006490750562092, -0.00038255267632507, 3421.8840943302, -0.00066420550299197, 0.00011975336350527, 0.0003716606073873, 0.0031213859300752, 0.00038831981756578, -0.00089973880006614, 1.7868440368916, 1.7950488432777, -0.64133347104758, 0.0029460773885831, -0.00038110096835489, 0.0013681141703127, 1.3924170308818, 0.0006749146748113, 0.0029465705995219, -0.00038385739069502, 11196339.308, 8, 7.0920000001788, 53854406.682
9, -9.8594542448919e-05, 0.00048461991370857, -0.00028606275739718, 3322.660812845, 0.00047280263011499, 0.0001230989185943, 0.00029616477665407, 0.0030226289516267, 0.00087244848767527, -0.0011865767774617, 1.7868540980502, 1.7956574340532, -0.64096746282211, 0.0030697530492309, -0.00085375306041667, 0.0010719493936586, 4.9670942654484, 0.00048856490950818, 0.0030696695181162, -0.00085666002081001, 11196346.197, 9, 6.8890000004321, 53854413.571
10, -0.00035445378628412, -0.00064749934444324, 0.00087650005728393, 3194.2496233049, -0.00061785602419821, -0.00085582994889469, -0.00044604290154783, 0.0026681763767093, 0.00022606398127243, -0.00030925339332939, 1.7869117773145, 1.7943580490429, -0.64077231828053, 0.0022131237192716, -0.00023700583359006, 0.0015179922952064, 2.5162945352013, 0.0010555524468557, 0.0022138395692215, -0.0002388039966118, 11196353.057, 10, 6.859999999404, 53854420.432
11, 0.00065233029962435, 0.00019459721790015, -0.0011577858981969, 3105.3269617706, 0.00015759034032672, 0.0012572369488538, 0.00044541174452232, 0.0033206072500721, 0.00041921740140118, -0.0014672246816352, 1.7865457220142, 1.7956341222143, -0.64173321906808, 0.0034705637282767, -0.0003929675590133, 0.0010725805506841, 6.1584890881773, 0.0012670751599363, 0.0034710765180754, -0.00039639433693851, 11196360.013, 11, 6.9560000002384, 53854427.388
12, -0.00044412189076584, 0.00065993390775326, 0.00045287854279305, 2994.5637550201, 0.00067216150143395, -0.00062084119570879, -2.4720774324447e-05, 0.0028759061124009, 0.0010795764804572, -0.0010155351652579, 1.7870218553804, 1.7956253689202, -0.64059002316875, 0.0028504521533644, -0.0010658022407286, 0.0010973013250086, 3.9666607898161, 0.00091501086020826, 0.0028502353223666, -0.0010685558383725, 11196366.909, 12, 6.8959999997169, 53854434.284
13, -5.9591418919055e-05, -0.00049457937980024, 0.00026256887047001, 2918.8931259408, -0.00048505871444222, -0.00022664716039156, -0.00017450335269666, 0.002816423841133, 0.00058534475925982, -0.00075228742087517, 1.7868829934817, 1.7950364211533, -0.64081417866275, 0.0026232305746332, -0.00058101234268323, 0.0012718046777052, 2.0079082761899, 0.00053539788173834, 0.002623588161975, -0.00058349712393024, 11196374.041, 13, 7.1319999992847, 53854441.416
14, 0.00013214610472861, -0.00011063316696706, 0.00010695384761971, 2743.0602107376, -0.00010540125481344, 2.6815609675201e-05, -0.00017121014780166, 0.0029485802061496, 0.00047491200038469, -0.00064513919121515, 1.7869856092487, 1.7948539817083, -0.64099145619638, 0.002649903086926, -0.00047557478533574, 0.0014430148255069, 1.3216671561313, 0.00010875891429442, 0.0026504037716502, -0.0004780958691168, 11196380.806, 14, 6.765000000596, 53854448.181
15, 8.4531762613668e-05, 0.00052603081257905, -0.00062424805537911, 2667.6817269076, 0.00050334780858974, 0.00048448885390832, 0.00043064045716149, 0.0030330905153347, 0.0010000493968611, -0.0012701422696225, 1.7868743962603, 1.7958252009986, -0.64091081232791, 0.0031350095294309, -0.00097832740675323, 0.0010123743683454, 5.478698295689, 0.00069863328432983, 0.0031348926255585, -0.00098144367770653, 11196387.791, 15, 6.984999999404, 53854455.165
16, 3.7270738440944e-05, 0.00012877874261476, 0.00056516839195644, 2571.4741595585, 0.00014990959535346, -0.00034249100539784, -0.00044453954627518, 0.0030699966282112, 0.0011297087127885, -0.0007051510328462, 1.7874256926282, 1.7953443588084, -0.64062354612268, 0.0027927038726694, -0.0011286597410951, 0.0014569139146206, 3.5541740937602, 0.00037386224141716, 0.0027924016201607, -0.00113135327306, 11196394.807, 16, 7.01600000076, 53854462.181
17, 4.1568336198068e-05, -0.00083813634308225, 0.00045369922331809, 2490.9272453588, -0.0008203855235673, -0.00028272714240296, -0.000396328647815, 0.0031116036297847, 0.00029228412195264, -0.0002501421377668, 1.7872907987934, 1.7943350566719, -0.64114293371904, 0.0025086193176371, -0.00030874328152002, 0.0018532425624356, 1.9026766664904, 0.00086773673676417, 0.0025096744777577, -0.0003109677494927, 11196401.706, 17, 6.8990000002086, 53854469.081
18, -0.00052283052699709, 0.00072593027008759, 4.2933606723831e-05, 2293.8760662318, 0.0007222461740788, -0.00040844569016074, 0.00033719785555883, 0.0025886759483007, 0.0010182150621022, -0.00020841433589789, 1.7874324684096, 1.7947813081214, -0.64003128462949, 0.0021013909357186, -0.0010316765126187, 0.0015160447068767, 4.1977072715623, 0.00082973936738132, 0.002101228787597, -0.0010332139235715, 11196408.641, 18, 6.9350000005215, 53854476.015
19, 0.00052793165944226, -0.00071840897176779, -0.00073158461283492, 2255.2272955344, -0.00074013322103983, 0.00086661514088885, 0.00017669280174968, 0.0031170545016724, 0.00029891455947044, -0.00093879987485566, 1.7867546579021, 1.7950289904551, -0.64141462515706, 0.0029669485057445, -0.00029030678224964, 0.001339351905127, 0.70684097755155, 0.0011396573990918, 0.0029678439284858, -0.00029308070253167, 11196415.619, 19, 6.9780000001192, 53854482.994
20, -0.00065042567924279, 0.00024536003545145, 0.00030805803241849, 2251.0622177622, 0.00025066373325383, -0.00068763368337454, 0.00020611276736958, 0.0024664675769132, 0.00054444906729846, -0.00063122156470437, 1.786723371203, 1.7948940446329, -0.64044668018898, 0.0022796252433812, -0.00054182044175215, 0.0011332391377575, 3.4911535050463, 0.00073189643371175, 0.0022802102451113, -0.0005437444357855, 11196422.506, 20, 6.8869999982417, 53854489.88
21, 0.00010336933747478, -0.00038759545534462, -5.3959411503123e-05, 2093.7737079779, -0.00038837067778588, 0.00010645727345989, -4.0769358434597e-05, 0.0025699738574094, 0.00015681990438555, -0.00068467480607877, 1.7865077442506, 1.7946899127561, -0.64087582372595, 0.0023856344124307, -0.00015332721080371, 0.0011740084961921, 1.3032553662201, 0.00040269707527666, 0.0023866675185712, -0.00015537375799963, 11196429.49, 21, 6.9840000011027, 53854496.865
22, 4.6313384876186e-05, 0.00066732148419136, -2.276279700437e-05, 2039.4004014049, 0.00066641726635088, 6.1538339992183e-05, 9.0607742458721e-06, 0.0026160605068346, 0.00082412760933311, -0.00070829144613477, 1.7869348682539, 1.7951533668194, -0.64040807170402, 0.0024479520705672, -0.00081967205370496, 0.0011649477219462, 4.8044699017056, 0.00066925252347644, 0.0024482058585634, -0.00082179102435051, 11196436.538, 22, 7.0480000004172, 53854503.913
23, -0.00034711253841507, -0.00040899356484212, 0.00039240357613282, 1869.921224285, -0.00039734621780844, -0.00052683468619297, -7.9401596875162e-05, 0.0022689309642717, 0.00041552458224423, -0.00031549612284987, 1.7867626961572, 1.7944960701973, -0.64022479724117, 0.0019206391043519, -0.00042296077477596, 0.0012443493188214, 2.4953998881184, 0.00065987787005075, 0.0019213711723704, -0.00042444480654208, 11196443.359, 23, 6.8209999985993, 53854510.734
24, 0.00015337073887958, 0.00057592323614752, 0.00035313648905293, 1843.8118414451, 0.00058994822245235, -0.00010754573684857, -0.00034685810743117, 0.0024221374199691, 0.00099187239606531, 3.7018720405833e-05, 1.7875004604644, 1.794520878259, -0.63978779305603, 0.0018139298916439, -0.0010130608774977, 0.0015912074262525, 4.5320721126975, 0.00059967073522809, 0.0018138254355218, -0.0010143930289944, 11196450.349, 24, 6.9900000002235, 53854517.724
25, 0.00053432370389355, -0.00063755316014025, -0.00071154053193996, 1743.3406924235, -0.00065853722952336, 0.00085961863350371, 0.00016015712099581, 0.0029568018114939, 0.00035344790517419, -0.00067348433346188, 1.7868929759621, 1.7948020280234, -0.64110615727275, 0.0026725524085754, -0.0003532254064874, 0.0014310503052567, 0.65371356072871, 0.0010828737127362, 0.0026734440690255, -0.00035585579947107, 11196457.218, 25, 6.8690000008792, 53854524.592
26, -0.00046907054343439, 0.00020486342011736, -0.00015449398823114, 1608.3793276468, 0.00019474865836946, -0.00024698670871979, 0.00043235993546886, 0.0024876896276727, 0.00055792474157735, -0.0008283638683494, 1.7865900014273, 1.7950999952449, -0.64053512681933, 0.0024258024782326, -0.00054827397646925, 0.00099869036978785, 3.809281056549, 0.00031453056166443, 0.0024264573603058, -0.00055060445784053, 11196464.225, 26, 7.0069999992847, 53854531.599
27, -0.00037300186437961, 0.00013186924114691, -0.00019955416769934, 1592.2995484195, 0.00012101401126446, -0.00014635847194751, 0.00040034555099861, 0.0021146888747796, 0.00068939114999232, -0.0010281859223124, 1.7862691044913, 1.7953930476805, -0.64013570558407, 0.002279540685669, -0.00066940481819673, 0.00059834481878924, 3.8324823701995, 0.00018990838115556, 0.0022800988883582, -0.00067161846910499, 11196471.137, 27, 6.9120000004768, 53854538.513
28, 0.00015421483470306, 0.00017325524997964, 0.00012025898887722, 1468.0386352233, 0.00017897352329572, 3.9610720463741e-05, -0.00018617542823164, 0.0022687731591057, 0.00086285276844073, -0.00090805704542224, 1.7865731527554, 1.7953847418716, -0.64010722275976, 0.0023192751447171, -0.00084835091032983, 0.00078452024702087, 4.9301995969546, 0.00018330447680442, 0.002319709608822, -0.00085059199240071, 11196478.525, 28, 7.3880000002682, 53854545.9
29, 0.00050231250267122, -0.00030088134804942, 0.00044212365551033, 1426.9091821375, -0.00027976596150183, 8.0571686607332e-05, -0.00067346861308296, 0.0027710312542635, 0.00056270117587193, -0.00046537558856206, 1.7870656721883, 1.7947349096719, -0.64067323211081, 0.0023995330904621, -0.00056849478829721, 0.0014579888601038, 1.2903877431106, 0.00029113706376515, 0.0024002812954293, -0.00057082603089888, 11196485.368, 29, 6.8430000003427, 53854552.743
30, 0.00028590157087287, -2.0576432463807e-05, 0.00028013618132484, 1355.1525338685, -7.6143669974499e-06, 2.9713669953328e-05, -0.00039962294368681, 0.0030568587294543, 0.00054257943822222, -0.00018513065519848, 1.7874620839169, 1.7944361197713, -0.64086595775861, 0.0024292340963047, -0.00056083117250151, 0.0018576118037906, 0.25085986077635, 3.0673779794266e-05, 0.0024299949653826, -0.00056321166390143, 11196492.064, 30, 6.6959999985993, 53854559.439
31, -0.00043049188010958, 0.00046847975520296, -0.0010078007513171, 1352.1705970898, 0.00042699011037279, 0.00034943797367355, 0.0010564238933446, 0.00262659668395, 0.0010094784770555, -0.0011937633113972, 1.7866737079515, 1.7957617133524, -0.64046454961942, 0.0027792393863628, -0.0009873563443139, 0.00080118791044601, 5.3982341169428, 0.00055174944657992, 0.0027794329390562, -0.00099020177427423, 11196499.009, 31, 6.945000000298, 53854566.384
32, -0.00013705951406377, -0.00064502805833523, 0.00038950773359598, 1228.9046663322, -0.00063141044134531, -0.00037122679894067, -0.00022377287430467, 0.0024897252475282, 0.00036488055825879, -0.00080347778891746, 1.7864907946712, 1.7949475860914, -0.64067877841339, 0.0024074362182995, -0.00035628512502806, 0.0010249607847507, 2.1022955029975, 0.0007324537403083, 0.0024082061401155, -0.00035879133292891, 11196505.83, 32, 6.8210000004619, 53854573.204
33, -0.00018620854684625, 0.00045996270591757, 0.00022114316958711, 1172.8359257401, 0.00046611200790691, -0.00027770261004834, -2.7649080743617e-05, 0.0023032915265111, 0.00082504344085334, -0.00058294126747335, 1.7868290498463, 1.7950336486303, -0.64004349165058, 0.002130217948317, -0.00082268535478035, 0.0010526098654943, 4.1750744020962, 0.00054256717882919, 0.0021305035300672, -0.00082490334083582, 11196512.896, 33, 7.0659999996424, 53854580.27
34, 0.00010063201794311, 0.00018214845727012, 0.00045996598228932, 1044.4530858003, 0.00019992791891733, -0.00022455372766131, -0.00040555889709802, 0.0024036806284232, 0.0010077508433031, -0.00012314377404384, 1.787371782919, 1.7946920873215, -0.63981989797879, 0.0019059153863524, -0.001022895017144, 0.0014581687625923, 3.8690419334946, 0.00030065852618744, 0.0019059498024059, -0.0010248312597531, 11196519.836, 34, 6.9399999994785, 53854587.211
35, 0.00033536546717388, -6.637413000923e-05, -0.0006922992149216, 984.85398896136, -8.8866469997113e-05, 0.00070745463235075, 0.00029625060061378, 0.0027393988934612, 0.00094056538148927, -0.00081519389254728, 1.787003920484, 1.795335236452, -0.6404828696412, 0.0026132529903018, -0.00093310182766079, 0.0011619181619785, 0.12495986974335, 0.00071301423991691, 0.0026134044347566, -0.00093596478975603, 11196526.729, 35, 6.8930000010878, 53854594.104
36, 0.0003090508626626, -3.9742492644712e-05, -0.00057941928363981, 1034.2764676367, -5.8321445511868e-05, 0.00061369769747323, 0.00022976586516984, 0.003048738439529, 0.00090015531895428, -0.0013944130820149, 1.7867242802174, 1.7958834144455, -0.64105388369873, 0.0032268892855196, -0.00087413785124687, 0.00093215229680871, 0.094748308984058, 0.00061646269545735, 0.0032271021322299, -0.00087764334424417, 11196533.677, 36, 6.9479999989271, 53854601.052
37, -0.00045354144707565, -0.00024997709322905, 0.00055202189964269, 910.90968389363, -0.00023351209469906, -0.00070929450721232, -0.00012365262919786, 0.002595122621091, 0.0006507035779654, -0.00084221457471955, 1.7867073673278, 1.7951733295578, -0.64057583042757, 0.0025173630231308, -0.00064133089549433, 0.0010558049260066, 2.8235510003596, 0.00074674399651574, 0.0025178076250175, -0.00064413124954511, 11196540.719, 37, 7.0420000012964, 53854608.093
38, -0.00037728221610183, -0.00022895363317062, 0.00043887778131444, 932.31560461616, -0.00021599302978034, -0.00057699528674376, -8.8310779761091e-05, 0.0022177939161401, 0.0004221606157443, -0.00040316267170249, 1.7866640337205, 1.7945890901262, -0.64020272538768, 0.0019401305019065, -0.00042597266823583, 0.0011441157057677, 2.7833998054165, 0.00061609784112445, 0.0019408123382738, -0.00042813821976477, 11196547.536, 38, 6.8169999998063, 53854614.911
39, 0.00053545868201737, 0.00047370581676313, 0.00010824987721282, 903.64525840442, 0.00048222264670872, 0.00033929505663189, -0.00041853484973895, 0.0027531342355021, 0.0008960942832872, -0.00029532512359712, 1.7873958041065, 1.7947849895964, -0.64032669601887, 0.0022800778772741, -0.00090773567395174, 0.0015626505555066, 5.3255314099993, 0.00058962684509238, 0.0022801073949057, -0.00091036086647349, 11196554.689, 39, 7.1529999990016, 53854622.063
40, -0.00018100416341112, -0.00056492590857137, -0.00017552466512592, 825.53537380833, -0.00057264597694472, -3.0171197142537e-05, 0.00023211846408015, 0.0025722919695528, 0.00033090036958609, -0.00047015305805523, 1.7867870693588, 1.7945899996952, -0.64065710145037, 0.0022490783273526, -0.00033513394275589, 0.0013305320914265, 1.623435001974, 0.00057344024627504, 0.0022499361977631, -0.00033771488952877, 11196561.483, 40, 6.7939999997616, 53854628.858
41, 1.3308452845971e-05, 0.00052251963293654, -0.0001074501170914, 709.08329152032, 0.00051829112612205, 9.0049111326738e-05, 8.9525837145749e-05, 0.0025854953547093, 0.0008532846424547, -0.00057827294884166, 1.7870356340771, 1.7950429182742, -0.6403032318905, 0.0023397937667851, -0.00085330885795623, 0.0012410062542807, 4.8844140949001, 0.00052605563761602, 0.0023399853090899, -0.00085600601565083, 11196568.311, 41, 6.8280000016093, 53854635.685
42, -2.5735580637754e-05, 0.00012019162860199, 0.00036682575954498, 654.6181635725, 0.00013342710959259, -0.00025916982288463, -0.00025435741564623, 0.0025595684656987, 0.00097394294057802, -0.00021161377314041, 1.7873832612963, 1.7947557781805, -0.64003801432599, 0.0020808067400368, -0.00098709043447131, 0.0014953636699269, 3.6170298179901, 0.00029149921212293, 0.0020808154862052, -0.00098943312524342, 11196575.341, 42, 7.0299999993294, 53854642.715
43, -5.2564013875854e-05, -0.00043898750747229, -0.0001022133145969, 732.65127947817, -0.00044292390544625, 2.0204534400837e-05, 9.6595857707495e-05, 0.0025071005509028, 0.00053481929568615, -0.00031329079361617, 1.786995103122, 1.7945686278963, -0.64036980562425, 0.0021003703134906, -0.00054413775564825, 0.0013987678122194, 1.5252116621059, 0.000443384493669, 0.0021010200206061, -0.00054650921979717, 11196582.241, 43, 6.9000000003725, 53854649.616
44, 9.5585973534789e-05, 0.00060878518751484, -9.3931228616301e-05, 633.70747616658, 0.00060574049934661, 0.00014447550144273, 2.8007776020779e-05, 0.0026026162738184, 0.0011435014097645, -0.00040795956232403, 1.7873620663519, 1.7950636350288, -0.64002564208291, 0.0022456844837307, -0.0011496776098028, 0.0013707600361987, 4.9465251584708, 0.00062273166216743, 0.0022454955220488, -0.0011522497191438, 11196589.223, 44, 6.9819999989122, 53854656.598
45, 0.00030543342167002, -0.00074215904749862, -3.4951437582677e-05, 670.42649272454, -0.00074014119590574, 0.0002395328779378, -0.000200315352273, 0.0029082207049871, 0.00040135962919347, -0.00044177054311129, 1.7870739053305, 1.79460243697, -0.64092841499738, 0.0024841284157662, -0.00040918488271609, 0.0015710753884717, 1.2578028425811, 0.00077793636596443, 0.0024850283999866, -0.00041210852323804, 11196596.123, 45, 6.9000000003725, 53854663.498
46, -0.00037691026817156, 0.00035089941670778, -0.00048001192730803, 615.40592072253, 0.00032948572067193, 3.9529921445474e-05, 0.00062087015264128, 0.002531329256954, 0.0007514774808052, -0.00092236792723369, 1.786664915828, 1.7953211886474, -0.64046422074758, 0.0025240736680712, -0.00073862050361651, 0.00095020523583038, 4.8317928785707, 0.00033184854198291, 0.0025245583214321, -0.00074159424390996, 11196603.128, 46, 7.0050000008196, 53854670.502
47, 0.00042039322190263, -0.00052698486712378, 0.00025996778004045, 584.80732563974, -0.00051318076852714, 0.00013518354829077, -0.00049030364565616, 0.002951867557046, 0.00022501584321374, -0.00066157535603765, 1.7868191548939, 1.7947053822823, -0.6411972246737, 0.0026586436844099, -0.00022527851397618, 0.0014405088814865, 1.3132248190435, 0.00053068737776075, 0.0026597418697228, -0.00022841347538283, 11196610.042, 47, 6.913999998942, 53854677.416
48, 0.00016492841562466, 0.00028780227848719, -0.00030187968367683, 609.76668339187, 0.00027793462498157, 0.000328097884439, 0.00012754214857338, 0.0031167347542644, 0.00051242693118502, -0.00096386107883549, 1.7868676258978, 1.7951950876783, -0.6412567272361, 0.002987123900686, -0.00050276117076258, 0.0013129667329132, 5.5803720949166, 0.00042999520641164, 0.0029878397541618, -0.00050634810036439, 11196617.018, 48, 6.9759999997914, 53854684.393
49, -0.00017158480475063, 0.00037221280980945, 0.00030170376511655, 559.82538886101, 0.00038153551301874, -0.00032138934376998, -0.00010073939105279, 0.0029448932010935, 0.00088502681819151, -0.000662781538678, 1.7872246483681, 1.7951424864566, -0.64067300772701, 0.0026662550168266, -0.00088473449071689, 0.001413706123966, 4.0123484822547, 0.00049885915645939, 0.0026664504103919, -0.00088788361338313, 11196623.975, 49, 6.9570000004023, 53854691.35
50, -2.869158564163e-05, -0.00058745801052833, -0.00019959200478526, 514.83341695936, -0.00059466886289674, 9.9762017754191e-05, 0.00014894150834957, 0.0029164844299955, 0.0002972658552265, -0.00086152101954266, 1.7866830101738, 1.7949539040966, -0.64118377906639, 0.0027652205436945, -0.00028993255683727, 0.0012647646156164, 1.4045834505275, 0.00060297886918638, 0.0027662124281461, -0.00029321475048639, 11196630.861, 50, 6.8859999999404, 53854698.237
51, -3.5660717122361e-05, 0.00050596215774374, -0.00011122136800353, 438.1866532865, 0.00050116185795173, 5.5447721300057e-05, 0.00012410449972487, 0.0028806222918661, 0.00080305007322719, -0.00097348540892517, 1.7868859901897, 1.7954005984071, -0.64079512999391, 0.0028212709782763, -0.000791027364374, 0.0011406601158915, 4.8225791821273, 0.00050421985052455, 0.0028216601494461, -0.00079437660843812, 11196637.76, 51, 6.8990000002086, 53854705.135
52, 0.00019396919566085, -0.00052559991081518, -3.1570528309995e-05, 433.96738585048, -0.00052462555809897, 0.00015734748153742, -0.00012200740639481, 0.0030748598032431, 0.00027749952012449, -0.0010042209887812, 1.786661947228, 1.7950810695055, -0.6414147701126, 0.002977987922718, -0.00026621310662866, 0.0012626675222863, 1.2794098082838, 0.00054771361691748, 0.0029790076309835, -0.00026975105033915, 11196644.674, 52, 6.9140000008047, 53854712.049
53, -0.00037823961879731, 0.00066977654677646, 0.0004430082510916, 378.1229302559, 0.00068223016614967, -0.00056465105138359, -6.0442807196368e-05, 0.0026962222261425, 0.00094776652411599, -0.0005622952093822, 1.7871797895807, 1.7950874380936, -0.64033414646414, 0.0024142193909203, -0.00094917273337395, 0.0013231103294827, 4.0210113601609, 0.00088558952649249, 0.0024143565795999, -0.00095198121648882, 11196651.612, 53, 6.9379999991506, 53854718.987
54, 0.00028835934482604, -0.00046121332225945, -0.00041531876676433, 374.52232814852, -0.00047361043794029, 0.0004825115769508, 0.00010599174301427, 0.0029849078862476, 0.00048607468988544, -0.0009768552918131, 1.786754410208, 1.7951929193256, -0.64114995311717, 0.0028961290391652, -0.00047494983288845, 0.0012171185864684, 0.77608880566498, 0.00067610965739112, 0.0028968681565507, -0.00047837077854853, 11196658.74, 54, 7.1280000004917, 53854726.115
55, 0.00037100486240973, -0.0005896266904726, -0.00043155140621648, 464.02164066432, -0.00060178063075316, 0.00055306604965944, 5.9320109753579e-05, 0.0033563054899155, -0.00010401440384525, -0.0014074362671316, 1.7862905021563, 1.7952280429984, -0.64215585552786, 0.003448480109445, 0.00012748711635409, 0.0011577984767149, 0.82755589634394, 0.0008173261177985, 0.0034499342062102, 0.00012340985220463, 11196665.585, 55, 6.8450000006706, 53854732.96
56, -0.00033451481556894, 0.00060383790331926, 0.00079336073759251, 363.784244857, 0.00062968342866936, -0.00076402956780116, -0.00035454087840224, 0.0030214064837104, 0.00050091872225495, -0.00061507209331499, 1.7870733617751, 1.7948398126443, -0.64103243798814, 0.0026852918968204, -0.0005032157798656, 0.0015123393551171, 3.8308933173133, 0.0009900719169915, 0.002685904638409, -0.00050627357646472, 11196672.438, 56, 6.8529999982566, 53854739.814
57, -0.00026540098110094, 0.0004867963464323, 0.00067184187845301, 350.63403614458, 0.00050886313759847, -0.00063400152406139, -0.00031285819150809, 0.0027556873278244, 0.00098864789447632, 5.5967396194429e-05, 1.7877324666488, 1.794494168515, -0.64011819923668, 0.0020521404323153, -0.0010131362082267, 0.0018251975466252, 3.8179299166795, 0.00081295733302476, 0.0020519031143476, -0.0010151367140632, 11196679.459, 57, 7.0210000015795, 53854746.834
58, -0.00056329881144815, -0.00055155880119529, -0.00036102870388117, 329.41445057702, -0.00056961338200065, -0.00019486130250996, 0.00062404651670442, 0.0021925513897461, 0.00043660767046127, -0.000304579489767, 1.7867342894379, 1.7945003288786, -0.64012717316321, 0.0018564174318743, -0.00044381834600759, 0.0012011510299208, 1.9004106231428, 0.0006020218701759, 0.0018570418118377, -0.00044552333206254, 11196686.412, 58, 6.9529999997467, 53854753.787
59, 0.00037621618301578, 0.00038416367480107, -0.00026809739800981, 261.08580030105, 0.00037739219289397, 0.00046628151398689, -3.3959426909636e-05, 0.002568767599666, 0.00082053462781756, -0.00057301583604223, 1.7870084102511, 1.7950163127962, -0.64031003308615, 0.0023231583128149, -0.00082064226718255, 0.0012351104568304, 5.6027596974708, 0.00059986941707611, 0.0023233233258246, -0.00082291552495652, 11196693.3, 59, 6.8880000002682, 53854760.675
60, 0.00018496912470455, -5.1393291020924e-05, -9.3070516302552e-05, 273.57952834922, -5.3116819680719e-05, 0.00019947744732665, -5.3891742742288e-05, 0.0027537896174506, 0.00076907485425662, -0.00066594442271638, 1.7870244693012, 1.7950723093824, -0.6405730556828, 0.0025225685648558, -0.00076727373810185, 0.0012890021995727, 0.26024119734711, 0.00020642831328321, 0.0025228007731512, -0.0007697987052758, 11196700.321, 60, 7.0209999997169, 53854767.695
61, 1.4545178779525e-05, -0.00025617434175716, 8.1962270777664e-05, 232.67235323633, -0.00025282786705399, -4.7628958466144e-05, -7.977607027069e-05, 0.002768388501707, 0.0005130183793537, -0.00058362387820151, 1.7869396198139, 1.7948205727208, -0.64075614329345, 0.0024746036680721, -0.00051450938799042, 0.0013687782698434, 1.7569990093504, 0.0002572750435694, 0.0024751718146851, -0.00051697083822181, 11196707.184, 61, 6.8629999998957, 53854774.559
62, -1.4215874998848e-05, -5.7132486457349e-05, -8.6007599065598e-06, 200.02960361264, -5.7537964238347e-05, -6.0134766293694e-06, 1.3907046842773e-05, 0.0027541914991938, 0.00045586987620594, -0.00059214919291278, 1.7868879785095, 1.7947916177183, -0.64079005156182, 0.0024685118404196, -0.00045697966640525, 0.0013548712230006, 1.67493146625, 5.7851354607004e-05, 0.0024691583380557, -0.00045943287398347, 11196714.168, 62, 6.98399999924, 53854781.543
63, 0.00017336478675527, 0.0004028179912924, -0.00039099029982448, 280.58755644757, 0.0003896505025, 0.00039523133483257, 0.00019275833528109, 0.0029275261630087, 0.00085820054267239, -0.00098365448657275, 1.7869430936346, 1.7954464112097, -0.64080303950131, 0.002864233233626, -0.00084613246441219, 0.0011621128877195, 5.5048974348071, 0.00055500929914015, 0.0028643896728883, -0.00084908337648347, 11196721.125, 63, 6.9570000004023, 53854788.5
64, 0.0001451806816962, -0.00018985215146285, 9.4954800767591e-05, 294.9352734571, -0.00018488799367162, 4.313285126637e-05, -0.00017347527454764, 0.0030727593767889, 0.00066855895357681, -0.0008883595785325, 1.7869956286154, 1.7952233200354, -0.64106028922019, 0.0029071351537984, -0.00066119074866622, 0.0013355881622672, 1.3416037907927, 0.0001898526087845, 0.0029075225241546, -0.00066419538281185, 11196728.079, 64, 6.9539999999106, 53854795.454
65, -0.00074955195106511, -2.2172725912329e-05, 0.00098617311884773, 304.42849974912, 7.4849610284647e-06, -0.0012140768933697, -0.00024661396919482, 0.0023228872726291, 0.00064756819003788, 9.7596256324522e-05, 1.7872687211869, 1.7942346288926, -0.63993424742547, 0.0016930704750878, -0.00067044691196665, 0.001582202131462, 3.1477577212552, 0.0012140999660883, 0.001693445630785, -0.00067168034384032, 11196735.015, 65, 6.9360000006855, 53854802.39
66, 2.3737947654763e-05, -0.00028693853935994, -0.00094963995533237, 242.57150025088, -0.00032160935640987, 0.00063913821494619, 0.00068759219335124, 0.0023469184507141, 0.00035952561847376, -0.00085170228130817, 1.7863556155876, 1.7949947150428, -0.64055839685056, 0.0023318099052647, -0.00034804629570875, 0.00089460993811074, 0.46619809670476, 0.00071549300201677, 0.0023325838457312, -0.00035007098743044, 11196741.877, 66, 6.8619999997318, 53854809.251
67, 0.0002232149944298, 0.00038119255179072, 0.00010448827952745, 257.60160561967, 0.00038680361925991, 0.00010551537863642, -0.0002128378745343, 0.0025699522945864, 0.00074093566638257, -0.00074762126635228, 1.7868217327317, 1.7951385987875, -0.64044246926567, 0.0024377124323747, -0.00073474409656124, 0.001107447812645, 4.978697534767, 0.00040093707112383, 0.0024380992243676, -0.00073687460669035, 11196748.949, 67, 7.0719999987632, 53854816.324
68, 0.00019643011280794, 0.00031691391385401, 1.7497669170371e-05, 285.30607124937, 0.0003191137020247, 0.00014163390338726, -0.0001320290461595, 0.0027662574706778, 0.001057945343755, -0.00073045809975552, 1.7871615691331, 1.7953274201382, -0.64038439650055, 0.0025797207059736, -0.0010536913766439, 0.0012394768588045, 5.1301044696337, 0.00034913280769446, 0.0025797331277548, -0.001055988308715, 11196755.808, 68, 6.8590000011027, 53854823.182
69, -0.0001226633214689, -0.00098373491290856, 0.00053831381383166, 294.53815261044, -0.00096424217403918, -0.00046450481067737, -0.00035641933467863, 0.0026436680955803, 7.4910827485433e-05, -0.00019084885119517, 1.7868950330864, 1.7941401007989, -0.64081955275745, 0.0021138493717168, -9.0108698360807e-05, 0.0015958961934832, 2.0197217599533, 0.0010702932725838, 0.0021152283170775, -9.174613467587e-05, 11196762.73, 69, 6.9220000002533, 53854830.105
70, -6.38450685024e-05, -0.0020116147305764, 0.0017153207954896, 403.27568134172, -0.0019473472547077, -0.0012146648766904, -0.0013135537124154, 0.0025799490939502, -0.0019344413867787, 0.0015271275976546, 1.786956778046, 1.7910943427064, -0.64165333038959, 0.00089480092614942, 0.0018544972438241, 0.0029094499058986, 2.1284988583328, 0.0022951191892978, 0.00090056344038706, 0.0018556011200318, 11196769.775, 70, 7.0449999999255, 53854837.149
71, 0.00011470202447384, 0.0030491478343075, -0.0021434045668354, 248.9784244857, 0.0029687705442451, 0.001553452957734, 0.0016364069086695, 0.002694901087685, 0.0011118521122622, -0.00062032027129359, 1.7872352610017, 1.7952538938667, -0.64022695085656, 0.0024544587502142, -0.0011110178479255, 0.0012730429972292, 5.1944746920389, 0.0033506439136784, 0.002454016398121, -0.0011131694242133, 11196776.692, 71, 6.9169999994338, 53854844.066
72, 0.00023428198336903, -9.6161763944304e-05, -4.018128660195e-05, 249.23432012042, -9.5450801317729e-05, 0.00020086372184349, -0.00012764238380797, 0.0029292351803251, 0.0010157089825494, -0.00066024173829733, 1.7872977476557, 1.7952264825301, -0.64055374089513, 0.0026551946877175, -0.0010152986045272, 0.0014006853810371, 0.44361297074992, 0.00022238950115735, 0.0026548801199645, -0.0010177186228956, 11196783.684, 72, 6.9920000005513, 53854851.059
73, -9.670119432017e-05, -0.00057366554006422, 7.1135220601324e-05, 347.65780230808, -0.00057149883931856, -0.00012966133903038, -8.9725285462026e-06, 0.0028326870202535, 0.00044211612293856, -0.00058831542309899, 1.7869339753928, 1.7947773768423, -0.64087825379099, 0.002524730422996, -0.00044398252580179, 0.0014096579095833, 1.7938989295587, 0.00058602302529987, 0.0025252187809341, -0.00044621978357704, 11196790.557, 73, 6.8729999996722, 53854857.931
74, -8.2795620052953e-05, 7.4155966935935e-05, -0.00020394390679294, 269.21123933768, 6.5814072507158e-05, 7.3598413875528e-05, 0.00021023586893095, 0.002749914697724, 0.00051595882183921, -0.00079238250923292, 1.786764453597, 1.795031874901, -0.64081752625896, 0.0025984146311827, -0.00050970053014771, 0.0011994220406524, 5.5535659826046, 9.8733067738073e-05, 0.0025988171948097, -0.00051203385608419, 11196797.467, 74, 6.910000000149, 53854864.841
75, -0.00030692177207934, 0.00038752485335559, 0.00012510894261061, 172.12644254892, 0.00038908213371034, -0.00030634508808229, 0.00012164092198354, 0.0024428071215575, 0.00090353375471441, -0.00066788560589221, 1.7869024505595, 1.79516821038, -0.64015565775722, 0.0022925127512885, -0.00089913121635317, 0.0010777811186688, 4.0454071747707, 0.00049520926865794, 0.0022924721067274, -0.00090111598979453, 11196804.409, 75, 6.9419999998063, 53854871.783
76, -5.5126133147818e-05, -0.00066570389362312, 0.00041652381311665, 188.97039638736, -0.00065032933456517, -0.00032783980399956, -0.00029880674515746, 0.0023877148290054, 0.00023832053005295, -0.0002505737991066, 1.7867816046952, 1.7943120937106, -0.64045761358578, 0.0019638751214222, -0.00024920469356886, 0.0013765878638263, 2.0377293267692, 0.00072829058794031, 0.0019646323027278, -0.00025078665522937, 11196811.414, 76, 7.0050000008196, 53854878.789
77, -0.00013840222919295, 0.00041787546759996, 0.00020516139401335, 144.03863522328, 0.00042389850883275, -0.00023197702213716, -4.8610662109395e-05, 0.0022492357656963, 0.00065642336829599, -4.5927874375722e-05, 1.7871125719216, 1.7943854492417, -0.63990981762732, 0.0017324921632762, -0.00067342776133712, 0.0014251985259357, 4.2116621536465, 0.00048322177578235, 0.0017326552805907, -0.00067468516406211, 11196818.299, 77, 6.8849999997765, 53854885.673
78, -0.00013236666825513, 0.00031967909376087, 0.00022307909947526, 234.61214249875, 0.00032649018402768, -0.00024098434650176, -6.935882748518e-05, 0.0021167885506883, 0.00097635013757887, 0.00017674816109314, 1.7874005458438, 1.7943757730095, -0.63943793760575, 0.0014919847092656, -0.0010002694049947, 0.0014945573534209, 4.0765436245329, 0.00040579464698947, 0.0014916709340889, -0.0010011753480898, 11196825.232, 78, 6.9330000001937, 53854892.607
79, 0.00021715231219548, -0.00028459649451131, -0.00036059661360098, 188.20572002007, -0.00029574550374801, 0.00039601334105036, 0.0001178483764989, 0.0023340916247286, 0.00069135291445289, -0.00018344107023935, 1.7870814835427, 1.7945448071081, -0.64002191347759, 0.0018875730600935, -0.00070395567648844, 0.001376708976922, 0.6414544038937, 0.00049425901031446, 0.0018876842751393, -0.00070542984434178, 11196832.194, 79, 6.9619999993593, 53854899.57
80, 0.00018220041415042, -0.00022416893568409, -0.00030222904229336, 103.24096385542, -0.00023352193497044, 0.00033231357229515, 9.9127656100494e-05, 0.0025164170170601, 0.0004668480890821, -0.00048534537512674, 1.7868230422533, 1.7946959008143, -0.64050028546561, 0.0022195764221947, -0.00046999291904462, 0.0012775813208215, 0.61254619780059, 0.00040615859518654, 0.0022199978474344, -0.00047190790937134, 11196839.116, 80, 6.9220000002533, 53854906.491
81, 0.00018220041415042, -0.00022416893568409, -0.00030222904229336, 150.30657300552, -0.00023352193497044, 0.00033231357229515, 9.9127656100494e-05, 0.0026987423512935, 0.00024234323138278, -0.00078724969106022, 1.7865645277855, 1.7948469300122, -0.64097864372554, 0.0025516029748445, -0.00023606307346534, 0.001178453664721, 0.61254619780059, 0.00040615859518654, 0.0025523114197296, -0.0002383859744009, 11196846.006, 81, 6.8899999987334, 53854913.38
82, 0.00012077191990688, 0.00010898482993599, 0.00063864029430346, 184.43702960361, 0.00013360299584359, -0.00032855062275149, -0.00055545450137109, 0.0028193937738381, 0.00035223727745632, -0.00014874221698018, 1.7872163602147, 1.7942780440675, -0.64076214421902, 0.002223247254454, -0.00037014435502043, 0.0017339081660921, 3.5278130875656, 0.00035467629214366, 0.0022237607969781, -0.00037198897024448, 11196853.02, 82, 7.0140000004321, 53854920.395
83, -0.00025800829007192, -0.00013368341692273, -0.00069598398936026, 223.66482689413, -0.00016164832268108, 0.00026281188033433, 0.00068820998429355, 0.0025615178988776, 0.00021755360702872, -0.00084458266952653, 1.7864137256637, 1.7948902672322, -0.64088270100119, 0.0024858342168331, -0.00020813093478506, 0.0010456981817985, 0.55142846310923, 0.0003085454013115, 0.0024865726773124, -0.0002103406475634, 11196859.983, 83, 6.9629999995232, 53854927.358
84, -3.661274811702e-05, 0.00041272513513937, 0.00011250784772696, 234.20672353236, 0.00041625166945701, -9.4467576663515e-05, -4.6378561148655e-05, 0.0025247185844265, 0.000630407115979, -0.00073260745545727, 1.7867350710618, 1.795051347079, -0.64047777322786, 0.002391811620249, -0.00062448334160817, 0.0010920767429472, 4.4892209669166, 0.00042683670808218, 0.0023921051006489, -0.00062659231702041, 11196866.882, 84, 6.8990000002086, 53854934.257
85, -5.4903071718479e-05, 0.00036017780863613, 4.4064037518277e-05, 228.56447566483, 0.00036104705849764, -6.3992391799542e-05, 1.529823069639e-05, 0.0024696697057521, 0.00099062021626507, -0.00068901541922452, 1.7869576211678, 1.7952464136986, -0.6401226707729, 0.0023282107954054, -0.0009855995829139, 0.0010767785122508, 4.536969601169, 0.0003666742486977, 0.0023281127088493, -0.00098763937551805, 11196873.839, 85, 6.9570000004023, 53854941.217
86, 4.2331996666369e-05, -0.00074970322530802, 0.00018887234640245, 288.18414450577, -0.00074179623979114, -0.00010593156590948, -0.00019502955978586, 0.0025121661197065, 0.00024116520790306, -0.0004991963982179, 1.7866687822908, 1.7945608476083, -0.64067847126511, 0.0022214082165442, -0.00024392825037879, 0.0012718080720367, 1.7126414274211, 0.00074932179871155, 0.0022221811429399, -0.0002458431357269, 11196880.813, 86, 6.9739999994636, 53854948.188
87, 3.6377711922917e-05, 0.00033255315407027, 0.00041234892563631, 212.72503763171, 0.00034788084687719, -0.00023878933917078, -0.00032234320615555, 0.0025484110184909, 0.00057424519556696, -8.7261015889705e-05, 1.7872252308165, 1.7943675919029, -0.64029133972696, 0.0019831176295216, -0.00059215091882062, 0.0015941512781922, 4.1108412965576, 0.00042194956111555, 0.0019833918037691, -0.0005937239826041, 11196887.714, 87, 6.9010000005364, 53854955.088
88, 2.0919921106246e-06, -0.00029448663141888, -0.00072201571846057, 204.53035624686, -0.00032093654364932, 0.00047260877754339, 0.00053072980749052, 0.0025507230144937, 0.00027883879523368, -0.00080890047493565, 1.7864729819214, 1.7948951861629, -0.64080972530151, 0.0024552995286525, -0.00027058666612469, 0.0010634214707017, 0.5965434847693, 0.00057127867250636, 0.0024560005813125, -0.00027278743895478, 11196894.771, 88, 7.0570000000298, 53854962.146
89, 0.00026708480158674, 0.00065746547479635, -7.3274723527136e-06, 233.51379829403, 0.00065914241437691, 0.00021708339335883, -0.00014850896113058, 0.0028175428618391, 0.00093640260701596, -0.0008170292375447, 1.7870511902618, 1.7953330197245, -0.64056543469646, 0.002673132671649, -0.00092948168286505, 0.0012119304318323, 5.0305431975643, 0.00069396968384996, 0.0026730839746713, -0.00093192985333169, 11196901.684, 89, 6.9130000006407, 53854969.058
90, -0.0001618618240939, -0.00046373687467925, 0.00025730261000195, 317.34922227797, -0.00045536131544619, -0.00029948304190034, -0.00010203799370498, 0.0026557498237826, 0.00047296238907972, -0.00055914924331828, 1.7868600509431, 1.7947715095467, -0.64066466198583, 0.0023730747705543, -0.00047449896260002, 0.0013139684255372, 2.1525531119637, 0.00054501744925348, 0.002373600932771, -0.0004765685378855, 11196908.636, 90, 6.9519999995828, 53854976.01
91, 0.00010179497622829, -0.00011568013005606, 0.00016066092821533, 185.03763171099, -0.0001087352606389, -3.1503243461156e-05, -0.00019167741722836, 0.0027575391015114, 0.00035752413088769, -0.00039831073723859, 1.7869819973069, 1.7945325168693, -0.6407941625876, 0.0023414182627504, -0.00036580822365848, 0.0015056458427656, 1.8527993853427, 0.00011320693995857, 0.0023420976893098, -0.0003678332772466, 11196915.507, 91, 6.8709999993443, 53854982.882
92, -3.1822722808897e-05, -0.00014760916678287, -0.00057390755331497, 306.79478173608, -0.00016899989453095, 0.00035201809151077, 0.00044687059699081, 0.0027258483287626, 0.00020911742828066, -0.00097202007830075, 1.78641569594, 1.795009541802, -0.64110476111183, 0.0026932193687595, -0.00019635710818759, 0.0010587752457748, 0.44759203210618, 0.00039048393193877, 0.0026941157808206, -0.00019883338271564, 11196922.508, 92, 7.0010000001639, 53854989.882
93, -6.7094722512557e-06, 0.00064654662799202, 0.00010871480921413, 298.63120923231, 0.00065003502281109, -6.5387509151506e-05, -5.5366160189695e-05, 0.0027188131708825, 0.00085580850515692, -0.0008641872069019, 1.7868989330372, 1.7953286856802, -0.64054796748231, 0.0026285381340309, -0.00084646278806265, 0.0011141414059645, 4.6121354631883, 0.00065331543471286, 0.0026287282716691, -0.00084886840552673, 11196929.446, 93, 6.9380000010133, 53854996.821
94, 0.00022715034691711, -0.00030593525352207, 0.0001520872444352, 252.96738585048, -0.00029803176787816, 6.5007660507989e-05, -0.00027436336997267, 0.0029460304806985, 0.00055017837469598, -0.00071158698708191, 1.7869783298272, 1.7949702638377, -0.64095604495385, 0.0026931728095183, -0.00054834990882607, 0.0013885047759372, 1.3560368252745, 0.00030503922795159, 0.0026937359321771, -0.00055083663764857, 11196936.364, 94, 6.9179999995977, 53855003.739
95, 0.00020362451237803, -0.00021862118689346, 0.00014166476000533, 263.96838936277, -0.00021137961390809, 5.5737231654288e-05, -0.00024807073478918, 0.0031496937182114, 0.00033183848875136, -0.00056954430334164, 1.7870882283151, 1.7946804045024, -0.64127610080267, 0.0027485902572526, -0.00033688623245284, 0.0016365755107263, 1.3129814869316, 0.00021860462064746, 0.0027494731638314, -0.00033945702374048, 11196943.395, 95, 7.0309999994934, 53855010.77
96, -0.00033652101321032, 0.00016623544330964, -6.8270312020086e-05, 207.09332664325, 0.00016053801633483, -0.00020493031882564, 0.00027887732103036, 0.0028131367188932, 0.00049787039741445, -0.00063813212885614, 1.7869165192904, 1.79486440481, -0.64083449851097, 0.0025439005160064, -0.00049773087700002, 0.001357698189696, 3.8061160750784, 0.00026032458635846, 0.0025445428450057, -0.00049999504007531, 11196950.166, 96, 6.7709999997169, 53855017.541
97, 8.3954959727453e-05, -5.8657644626132e-05, -0.00012519784100404, 240.75865529353, -6.2479932529159e-05, 0.0001446325288556, 3.6624357413912e-05, 0.0028971415636084, 0.00043906349194119, -0.00076322649198271, 1.78683625259, 1.7949494325484, -0.64101438611182, 0.0026884492303998, -0.00043505728178927, 0.0013210738322821, 0.40777704780934, 0.00015755097705826, 0.0026891753738613, -0.00043751510754615, 11196957.161, 97, 6.9950000010431, 53855024.535
98, 4.7308817689559e-05, -4.0016902134586e-05, -0.00011740573738539, 238.20973406924, -4.3897313945189e-05, 0.00011228291959227, 5.5580173217361e-05, 0.0029444914374699, 0.00039889460983845, -0.00088056380078324, 1.7867496454352, 1.7950396094954, -0.64113974166206, 0.0028006752844105, -0.00039101479092599, 0.0012654936590647, 0.37268275781745, 0.00012055881636682, 0.0028014582934536, -0.00039361779360096, 11196964.199, 98, 7.0379999987781, 53855031.573
99, 4.7308817689559e-05, -4.0016902134586e-05, -0.00011740573738539, 278.88610135474, -4.3897313945189e-05, 0.00011228291959227, 5.5580173217361e-05, 0.0029918413044719, 0.0003587257250462, -0.00099790111143113, 1.7866630300825, 1.7951297811416, -0.64126509686196, 0.0029129037861372, -0.00034697853767426, 0.0012099134858473, 0.37268275781745, 0.00012055881636682, 0.0029137412130459, -0.00034972047965577, 11196971.123, 99, 6.9240000005811, 53855038.498
100, 4.7308817689559e-05, -4.0016902134586e-05, -0.00011740573738539, 310.69292523833, -4.3897313945189e-05, 0.00011228291959227, 5.5580173217361e-05, 0.0030391911646143, 0.00031855683756443, -0.0011152384239264, 1.7865764065321, 1.7952199474866, -0.64139045171119, 0.0030251347352331, -0.0003029485221701, 0.00115433331263, 0.37268275781745, 0.00012055881636682, 0.0030260241326381, -0.00030582316571058, 11196978.022, 100, 6.8990000002086, 53855045.396
101, 4.0945897826531e-05, 4.2625256904442e-05, 0.00033111628543589, 203.31008529854, 5.5202435290273e-05, -0.00018687223068993, -0.0002741585929546, 0.0030800604299848, 0.00036170804197091, -0.00078418065620584, 1.7868916084663, 1.7949162505465, -0.64126724530454, 0.0028383339500205, -0.00035839224035369, 0.0014284919055846, 3.4288258020962, 0.0001948551756177, 0.0028391519019482, -0.00036102560100086, 11196984.985, 101, 6.9629999995232, 53855052.36
102, 4.1582189812834e-05, 3.4361041000539e-05, 0.00028626408315376, 307.27496236829, 4.5292460366726e-05, -0.00015695671566171, -0.0002411847163374, 0.0031215772960718, 0.00039652620765058, -0.00049796220485798, 1.7871665895534, 1.7946519064902, -0.64116888380025, 0.0026814475848463, -0.00040392778535474, 0.001669676621922, 3.4225273345444, 0.0001633610037842, 0.0026821951862865, -0.00040631806136758, 11196992.07, 102, 7.0850000008941, 53855059.444
103, -0.00030393681185976, 0.00051308690218441, -0.00016335155627409, 187.66432513798, 0.0005039202321755, -0.00011164037064452, 0.0003404707226479, 0.0028175451235722, 0.0009092819811511, -0.00066217465013591, 1.7871566124361, 1.795160029997, -0.64052568842728, 0.0025705629387108, -0.00090801484687513, 0.0013292058992741, 4.4943666852393, 0.00051613871464312, 0.002570554815642, -0.00091023829354308, 11196998.901, 103, 6.8310000002384, 53855066.276
104, 0.00016214780436291, -0.00045521521648228, -3.0387534173499e-05, 250.79327646764, -0.00045453691873955, 0.00013389149390121, -9.9526194408911e-05, 0.002979857295592, 0.00045407797439311, -0.00069184713795679, 1.7869562796864, 1.794886472378, -0.64105765381181, 0.0027038275131394, -0.00045329372831457, 0.001428732093683, 1.284331526267, 0.0004738467501591, 0.0027044463095432, -0.00045570137480353, 11197005.887, 104, 6.9859999995679, 53855073.262
105, -0.00035402043410524, 0.00018909732259404, 0.00020980567689656, 159.75815353738, 0.00019350085814116, -0.00040108540125681, 8.242940028668e-05, 0.0026257238016284, 0.00064336521024817, -0.00048240368962398, 1.7870070487834, 1.7948076555297, -0.64047057110669, 0.0023030109837948, -0.00064735091293186, 0.0013463026933963, 3.5910962969008, 0.00044532244632704, 0.0023033609082864, -0.00064920223294468, 11197012.676, 105, 6.7890000008047, 53855080.051
106, -0.00030671893741898, 0.00013387036401189, 0.00018490633120798, 127.18514801806, 0.00013782302419043, -0.00035008834673149, 6.8052154548703e-05, 0.0023189130978181, 0.00077740420522611, -0.00029777186812503, 1.7870348258423, 1.7947163603224, -0.63998420249644, 0.0019531038004447, -0.00078563323104599, 0.0012782505388476, 3.5166395127548, 0.00037624066302591, 0.0019532725615549, -0.00078702525713511, 11197019.65, 106, 6.9739999994636, 53855087.025
107, 0.00017061301926652, 0.00028497276829648, 5.7016526240759e-05, 120.62782521346, 0.00028842181353671, 9.560763304012e-05, -0.00014574362167526, 0.0024894615424647, 0.0010624683852117, -0.0002410194758669, 1.7873691201164, 1.7948448332599, -0.63990966322385, 0.0020491010391777, -0.0010739256035115, 0.0014239941605229, 5.032475513815, 0.00030385516618834, 0.002048880194595, -0.0010754470706718, 11197026.568, 107, 6.9179999995977, 53855093.942
108, 0.00021967150558891, -0.00054829343861935, -7.5696534542534e-05, 154.70647265429, -0.00054870007141993, 0.00020536640694766, -0.00010660253779181, 0.0027092391226595, 0.00051410750259737, -0.00031591678151762, 1.7871128552702, 1.7945541895091, -0.64059031803852, 0.0022536566301258, -0.00052492274433316, 0.0015305966983147, 1.2126587265019, 0.00058587296360118, 0.0022542466015427, -0.00052674699925189, 11197033.692, 108, 7.1239999998361, 53855101.067
109, -4.9404572964382e-05, -5.9951386103649e-05, 0.0001266738945763, 143.03712995484, -5.567508265018e-05, -0.00012172678415909, -6.4530080449744e-05, 0.0026598114388832, 0.00045431993735609, -0.00018917445276921, 1.787143238096, 1.7943886218106, -0.64053756828219, 0.0021318429822265, -0.00046943797174228, 0.0015951267787644, 2.7126206250028, 0.00013385486472227, 0.0021325198173836, -0.00047107191660171, 11197040.567, 109, 6.875, 53855107.942
110, -0.00035005293269266, -0.00015456848425647, -9.9269506744585e-05, 154.14952333166, -0.00016130194564607, -0.00020028871371486, 0.00030024826472543, 0.002309795666133, 0.0002995863872783, -0.0002883178294177, 1.7867387957523, 1.7943916383284, -0.64034610218178, 0.0019313213966652, -0.00030842561268569, 0.001294878514039, 2.4635997451922, 0.00025716509582515, 0.0019322311036687, -0.00030976997095565, 11197047.518, 110, 6.9509999994189, 53855114.893
111, -0.00026382749687637, 0.00083092456350134, 0.00011260433000632, 181.56297039639, 0.00083208968699141, -0.00025792522115973, 0.00011756549904778, 0.0020458314220859, 0.0011306025264828, -0.00017671267928634, 1.7871709384476, 1.79483276477, -0.63938486027163, 0.0016744249149662, -0.0011408334837315, 0.0011773130149912, 4.4118080698337, 0.0008711479018558, 0.001674305882509, -0.0011418596579471, 11197054.65, 111, 7.1320000011474, 53855122.024
112, 0.00045750745496609, -0.0006823550080501, 0.00012294861331304, 185.28750627195, -0.00067316511021812, 0.00025071550316613, -0.00041716694587824, 0.0025033293670839, 0.0004484139609643, -5.2807491538986e-05, 1.7871444714836, 1.7942507851059, -0.6403311363098, 0.0019242072387952, -0.00046732155894485, 0.0015944799608695, 1.2142694618818, 0.00071833803264398, 0.0019250213856751, -0.00046869454772894, 11197061.34, 112, 6.6899999994785, 53855128.714
113, 1.8759539639063e-05, 3.6697523607984e-05, -0.00034292349109375, 102.05619668841, 2.4168410860392e-05, 0.00024091885160411, 0.00024631107195697, 0.0025221648057449, 0.00048468273371881, -0.00039577252686326, 1.7869086494836, 1.7946178789301, -0.64045677919637, 0.0021651613886187, -0.00049113547392609, 0.0013481688889125, 6.18320216857, 0.00024212807590563, 0.0021659402372792, -0.00049286295858933, 11197068.309, 113, 6.9690000005066, 53855135.683
114, 5.5367415022601e-05, -2.1055030444812e-05, -0.000296630881185, 114.32563973909, -3.1499330409584e-05, 0.00023688071882099, 0.00018545636106779, 0.0025776082758346, 0.00046326460142262, -0.00069236328240318, 1.7866975076558, 1.7948998138674, -0.64064619404473, 0.0024020023749126, -0.00045933877876345, 0.0011627125278447, 0.13219992615609, 0.00023896586108774, 0.0024028209561002, -0.00046136362817974, 11197075.327, 114, 7.0179999992251, 53855142.701
115, -3.5827382976058e-05, -1.6853230809914e-05, 6.4942699512541e-05, 95.548419468138, -1.4766208173432e-05, -7.005190691492e-05, -2.5688059743465e-05, 0.002541771674238, 0.00044648267093332, -0.00062740719294764, 1.7867148264271, 1.7948242892522, -0.64059772967562, 0.0023319331578942, -0.00044465493075294, 0.0011884005875882, 2.9338444021483, 7.1591274372215e-05, 0.0023327690491853, -0.00044659742000631, 11197082.24, 115, 6.9130000006407, 53855149.615
116, -2.6707903176192e-05, -1.7273410773403e-05, 2.8785341442787e-05, 107.51279478174, -1.6439520397047e-05, -3.9358644341329e-05, -4.5736176623397e-06, 0.0025150627593943, 0.0004292374714121, -0.00059860587343149, 1.7867092965103, 1.7947845100357, -0.64057305274246, 0.0022925549671279, -0.00042826228584004, 0.0011929742052505, 2.74593404646, 4.2653964824763e-05, 0.002293410404844, -0.00043015789960927, 11197089.177, 116, 6.9369999989867, 53855156.552
117, 0.00032085845891875, -0.00015113072725911, -0.00026335217169211, 155.2017059709, -0.00015784154005981, 0.00041214972149459, -1.9070108023147e-05, 0.0028360229605957, 0.00027787170476515, -0.00086169903540216, 1.7866179725545, 1.7949426301143, -0.64111815283714, 0.0027045145847588, -0.00026992524616729, 0.0012120443132737, 0.36574088117833, 0.00044134039549595, 0.0027055601263386, -0.00027231635954946, 11197096.092, 117, 6.9150000009686, 53855163.467
118, 0.00028610182270925, -0.00013774499561054, -0.00023413842037862, 120.32112393377, -0.00014370133809353, 0.000366998884911, -1.7620458987067e-05, 0.0031222166664482, 0.00013991807451499, -0.0010956022868981, 1.7865351596127, 1.7950809087202, -0.64160629338698, 0.0030713377577743, -0.00012577596302337, 0.0012296647722607, 0.3732076466955, 0.00039412974525629, 0.0030725590112496, -0.00012861502145592, 11197103.108, 118, 7.0159999988973, 53855170.482
119, -0.00034909766218721, 0.00035847127018467, 0.00047944533209269, 94.691921726041, 0.00037276137774613, -0.00057225332160445, -0.00011753189750591, 0.0027728889242343, 0.00049894617638298, -0.00061674130376478, 1.7869076580966, 1.7948443706996, -0.64078475649318, 0.0024995651885417, -0.00049927433972181, 0.0013471966697666, 3.7189459850311, 0.00068295307952049, 0.0025003056896451, -0.00050137639920205, 11197110.272, 119, 7.1640000008047, 53855177.647
120, 6.2456082508875e-05, 5.2067811953322e-05, -0.00016967122695637, 113.17812343201, 4.632669469083e-05, 0.00015975500881344, 8.7933605969979e-05, 0.0028353712992729, 0.00055079798460626, -0.00078646903921698, 1.7868469235363, 1.7950475224331, -0.64087379755802, 0.0026593804359574, -0.00054539279761798, 0.0012592630637967, 6.000940922142, 0.00016633648271488, 0.0026600606984585, -0.00054770309389288, 11197116.93, 120, 6.6579999998212, 53855184.305
121, 2.7652702888231e-05, 7.7745995118504e-05, -0.00011189540857618, 107.30155544405, 7.3805535837964e-05, 9.5946697836802e-05, 6.8386170007578e-05, 0.0028630242703367, 0.0006283961732181, -0.00089846698248677, 1.7868249386707, 1.7952104485021, -0.64088487271222, 0.002755417478702, -0.00061908073666926, 0.0011908768937891, 5.6274871687894, 0.00012104968379189, 0.0027560073962953, -0.00062150862973085, 11197123.916, 121, 6.9859999995679, 53855191.291
122, 5.0610823137237e-05, -4.8318731405506e-05, 0.00011604579629768, 189.863020572, -4.3535929454165e-05, -3.9356046022726e-05, -0.00012214133841435, 0.0029136202969714, 0.00058026633623597, -0.00078233620570304, 1.7869199108598, 1.7950615257713, -0.64092773687936, 0.0027160069588585, -0.00057559411305198, 0.0013130182322034, 2.3058114946658, 5.8687950313339e-05, 0.0027166513502726, -0.00057797270027668, 11197130.818, 122, 6.9020000007004, 53855198.193
123, -0.00025466521721519, -0.00019063585484172, 8.6479446936175e-05, 136.65127947817, -0.00018961312664022, -0.00025175510297378, 9.6650541050024e-05, 0.0026590045298548, 0.00038965696341689, -0.00069565293292654, 1.7867025143875, 1.7948531459709, -0.64078706215429, 0.0024640122549885, -0.00038629953094094, 0.0012163676911534, 2.4960690340946, 0.00031517260297751, 0.0024648962472988, -0.00038835957363647, 11197137.713, 123, 6.894999999553, 53855205.089
124, 0.00016299020770672, -3.2875482313342e-05, 0.00013215638854786, 184.53085800301, -2.6488600824044e-05, 3.4736879912853e-05, -0.00020785480360081, 0.0028219803873181, 0.00035701390505396, -0.00056342117889835, 1.7868936073314, 1.7946964392952, -0.64092442337993, 0.002498714131807, -0.00035976509033009, 0.0014242224947542, 0.6514847175425, 4.3684056584703e-05, 0.0024996331272117, -0.00036187097281242, 11197144.781, 124, 7.0679999999702, 53855212.156
125, 2.2897607535605e-05, 0.00010840479489555, 0.00019953898821675, 184.30421686747, 0.00011590807624386, -0.00011249644091468, -0.00016125004325191, 0.002844811806525, 0.00046570662014055, -0.00036403119849821, 1.7871337344254, 1.7945681366021, -0.64078355363354, 0.002386392242299, -0.00047584232514115, 0.0015854725380061, 3.9419265182778, 0.00016152439864312, 0.002387136686297, -0.00047777904905629, 11197151.711, 125, 6.929999999702, 53855219.085
126, 3.3033293531825e-05, 9.2854087045468e-05, 0.00019235073106262, 192.35173105871, 0.00010019497462263, -0.00010041209932945, -0.00016306520496891, 0.0028777833914606, 0.0005588402565669, -0.00017180498659485, 1.7873651584085, 1.7944365434106, -0.64066789672248, 0.0022861473080519, -0.00057620454785157, 0.001748537742975, 3.9259084791725, 0.00014185070543137, 0.0022867245869676, -0.00057797402367892, 11197158.655, 126, 6.9440000001341, 53855226.03
127, -0.00014237456339902, -0.00012108996413165, -0.00016666305576236, 201.59909683894, -0.00012845343267337, 8.0912801922578e-07, 0.00021496262656283, 0.0027354657839813, 0.00043749831975483, -0.00033833345601415, 1.7870646673147, 1.794525622634, -0.64068560877356, 0.0022867456357436, -0.00044774996055269, 0.0015335751164122, 1.5644974112947, 0.0001284559809963, 0.0022875337149868, -0.00044952059100555, 11197165.509, 127, 6.8540000002831, 53855232.884